% degree N
1
% number of nodes
4
% node coordinates
-1.000000000000000E+00 -1.000000000000000E+00
1.000000000000000E+00 -1.000000000000000E+00
-1.000000000000000E+00 1.000000000000000E+00
1.000000000000000E+00 1.000000000000000E+00
% r collocation differentation matrix
-5.000000000000000E-01 5.000000000000000E-01 0.000000000000000E+00 0.000000000000000E+00 
-5.000000000000000E-01 5.000000000000000E-01 0.000000000000000E+00 0.000000000000000E+00 
0.000000000000000E+00 0.000000000000000E+00 -5.000000000000000E-01 5.000000000000000E-01 
0.000000000000000E+00 0.000000000000000E+00 -5.000000000000000E-01 5.000000000000000E-01 
% s collocation differentation matrix
-5.000000000000000E-01 0.000000000000000E+00 5.000000000000000E-01 0.000000000000000E+00 
0.000000000000000E+00 -5.000000000000000E-01 0.000000000000000E+00 5.000000000000000E-01 
-5.000000000000000E-01 0.000000000000000E+00 5.000000000000000E-01 0.000000000000000E+00 
0.000000000000000E+00 -5.000000000000000E-01 0.000000000000000E+00 5.000000000000000E-01 
% faceNodes
0 1 
1 3 
2 3 
0 2 
% LIFT matrix
2.000000000000000E+00 0.000000000000000E+00 -1.000000000000000E+00 0.000000000000000E+00 -1.000000000000000E+00 0.000000000000000E+00 2.000000000000000E+00 0.000000000000000E+00 
0.000000000000000E+00 2.000000000000000E+00 2.000000000000000E+00 0.000000000000000E+00 0.000000000000000E+00 -1.000000000000000E+00 -1.000000000000000E+00 0.000000000000000E+00 
-1.000000000000000E+00 0.000000000000000E+00 0.000000000000000E+00 -1.000000000000000E+00 2.000000000000000E+00 0.000000000000000E+00 0.000000000000000E+00 2.000000000000000E+00 
0.000000000000000E+00 -1.000000000000000E+00 0.000000000000000E+00 2.000000000000000E+00 0.000000000000000E+00 2.000000000000000E+00 0.000000000000000E+00 -1.000000000000000E+00 
% D (1D) matrix
-5.000000000000001E-01 5.000000000000001E-01 
-5.000000000000001E-01 5.000000000000001E-01 
% r (1D) gll nodes
-1.000000000000000E+00 
1.000000000000000E+00 
% w (1D) gll node weights
1.000000000000000E+00 
1.000000000000000E+00 
% number of plot nodes
25
% plot node coordinates
-1.000000000000000E+00 -1.000000000000000E+00
-1.000000000000000E+00 -5.000000000000000E-01
-1.000000000000000E+00 0.000000000000000E+00
-1.000000000000000E+00 5.000000000000000E-01
-1.000000000000000E+00 1.000000000000000E+00
-5.000000000000000E-01 -1.000000000000000E+00
-5.000000000000000E-01 -5.000000000000000E-01
-5.000000000000000E-01 0.000000000000000E+00
-5.000000000000000E-01 5.000000000000000E-01
-5.000000000000000E-01 1.000000000000000E+00
0.000000000000000E+00 -1.000000000000000E+00
0.000000000000000E+00 -5.000000000000000E-01
0.000000000000000E+00 0.000000000000000E+00
0.000000000000000E+00 5.000000000000000E-01
0.000000000000000E+00 1.000000000000000E+00
5.000000000000000E-01 -1.000000000000000E+00
5.000000000000000E-01 -5.000000000000000E-01
5.000000000000000E-01 0.000000000000000E+00
5.000000000000000E-01 5.000000000000000E-01
5.000000000000000E-01 1.000000000000000E+00
1.000000000000000E+00 -1.000000000000000E+00
1.000000000000000E+00 -5.000000000000000E-01
1.000000000000000E+00 0.000000000000000E+00
1.000000000000000E+00 5.000000000000000E-01
1.000000000000000E+00 1.000000000000000E+00
% plot node interpolation matrix
1.000000000000000E+00 0.000000000000000E+00 0.000000000000000E+00 0.000000000000000E+00 
7.500000000000000E-01 0.000000000000000E+00 2.500000000000000E-01 0.000000000000000E+00 
5.000000000000000E-01 0.000000000000000E+00 5.000000000000000E-01 0.000000000000000E+00 
2.500000000000000E-01 -1.850371707708594E-17 7.500000000000000E-01 1.850371707708594E-17 
0.000000000000000E+00 0.000000000000000E+00 1.000000000000000E+00 0.000000000000000E+00 
7.500000000000000E-01 2.500000000000000E-01 0.000000000000000E+00 0.000000000000000E+00 
5.625000000000000E-01 1.875000000000000E-01 1.875000000000000E-01 6.250000000000000E-02 
3.750000000000000E-01 1.250000000000000E-01 3.750000000000000E-01 1.250000000000000E-01 
1.875000000000000E-01 6.250000000000003E-02 5.625000000000000E-01 1.875000000000000E-01 
0.000000000000000E+00 0.000000000000000E+00 7.500000000000000E-01 2.500000000000000E-01 
5.000000000000000E-01 5.000000000000000E-01 0.000000000000000E+00 0.000000000000000E+00 
3.750000000000000E-01 3.750000000000000E-01 1.250000000000000E-01 1.250000000000000E-01 
2.500000000000000E-01 2.500000000000000E-01 2.500000000000000E-01 2.500000000000000E-01 
1.249999999999999E-01 1.250000000000001E-01 3.750000000000001E-01 3.749999999999999E-01 
0.000000000000000E+00 0.000000000000000E+00 5.000000000000000E-01 5.000000000000000E-01 
2.500000000000000E-01 7.500000000000000E-01 -1.850371707708594E-17 1.850371707708594E-17 
1.874999999999999E-01 5.625000000000000E-01 6.250000000000006E-02 1.874999999999999E-01 
1.249999999999999E-01 3.750000000000001E-01 1.250000000000001E-01 3.749999999999999E-01 
6.250000000000000E-02 1.875000000000000E-01 1.875000000000000E-01 5.625000000000000E-01 
-1.110223024625157E-16 1.110223024625157E-16 2.500000000000001E-01 7.499999999999999E-01 
0.000000000000000E+00 1.000000000000000E+00 0.000000000000000E+00 0.000000000000000E+00 
0.000000000000000E+00 7.500000000000000E-01 0.000000000000000E+00 2.500000000000000E-01 
0.000000000000000E+00 5.000000000000000E-01 0.000000000000000E+00 5.000000000000000E-01 
-1.110223024625157E-16 2.500000000000001E-01 1.110223024625157E-16 7.499999999999999E-01 
0.000000000000000E+00 0.000000000000000E+00 0.000000000000000E+00 1.000000000000000E+00 
% number of plot elements
32
% number of vertices per plot elements
3
% triangulation of plot nodes
8 3 7
2 1 6
17 16 21
18 17 22
12 7 11
5 1 0
2 7 3
5 6 1
15 20 16
10 11 6
6 5 10
7 2 6
17 18 13
3 8 4
11 7 6
13 9 8
12 8 7
9 4 8
13 14 9
13 18 14
23 24 19
23 18 22
12 11 16
19 18 23
19 14 18
21 16 20
17 12 16
13 12 17
13 8 12
11 10 15
11 15 16
22 17 21
% stencil size for H0 OAS NqP
4
% invP [ change of basis for H0 OAS precon ]
-3.333333333333330E-01 -3.333333333333333E-01 -3.333333333333331E-01 -3.333333333333334E-01 
5.270462766947298E-01 2.635231383473649E-01 -2.635231383473650E-01 -5.270462766947295E-01 
3.333333333333336E-01 -3.333333333333332E-01 3.333333333333333E-01 -3.333333333333333E-01 
5.270462766947301E-01 -2.635231383473656E-01 -2.635231383473641E-01 5.270462766947296E-01 
% diagOp [ weight so that inv(W0.000000000000000E+00 
2.499999999999999E-01 
1.000000000000000E+00 
7.500000000000002E-01 
% P [ reverse change of basis forr H0 OAS precon ]
-4.999999999999998E-01 6.324555320336762E-01 4.999999999999995E-01 6.324555320336757E-01 
-5.000000000000002E-01 3.162277660168379E-01 -4.999999999999991E-01 -3.162277660168379E-01 
-5.000000000000000E-01 -3.162277660168382E-01 5.000000000000004E-01 -3.162277660168379E-01 
-5.000000000000001E-01 -6.324555320336754E-01 -5.000000000000009E-01 6.324555320336761E-01 
% stencil size for DG OAS NqP
4
% forwardDG [ change of basis for DG OAS precon ]
4.999999999999996E-01 4.999999999999997E-01 5.000000000000002E-01 5.000000000000001E-01 
-5.000000000000007E-01 -5.000000000000007E-01 4.999999999999994E-01 4.999999999999992E-01 
4.999999999999988E-01 -4.999999999999989E-01 5.000000000000004E-01 -5.000000000000006E-01 
-5.000000000000004E-01 5.000000000000003E-01 4.999999999999989E-01 -4.999999999999991E-01 
% diagOpDG [ weight so that inv(W2.499999999999983E-01 
7.499999999999984E-01 
7.249999999999997E+00 
7.749999999999998E+00 
% backwardDG [ reverse change of basis forr H0 OAS precon ]
4.999999999999993E-01 -5.000000000000003E-01 4.999999999999994E-01 -5.000000000000009E-01 
4.999999999999993E-01 -5.000000000000003E-01 -4.999999999999996E-01 5.000000000000010E-01 
5.000000000000008E-01 4.999999999999997E-01 5.000000000000009E-01 4.999999999999993E-01 
5.000000000000006E-01 4.999999999999997E-01 -5.000000000000010E-01 -4.999999999999994E-01 
% number of volume cubature nodes
9
% cubature interpolation matrix
7.872983346207416E-01 1.000000000000000E-01 1.000000000000000E-01 1.270166537925832E-02 
4.436491673103709E-01 5.635083268962918E-02 4.436491673103709E-01 5.635083268962918E-02 
9.999999999999998E-02 1.270166537925829E-02 7.872983346207416E-01 1.000000000000001E-01 
4.436491673103709E-01 4.436491673103708E-01 5.635083268962916E-02 5.635083268962919E-02 
2.500000000000000E-01 2.500000000000000E-01 2.500000000000000E-01 2.500000000000000E-01 
5.635083268962915E-02 5.635083268962915E-02 4.436491673103709E-01 4.436491673103709E-01 
9.999999999999996E-02 7.872983346207417E-01 1.270166537925833E-02 1.000000000000000E-01 
5.635083268962915E-02 4.436491673103709E-01 5.635083268962915E-02 4.436491673103709E-01 
1.270166537925821E-02 9.999999999999998E-02 9.999999999999998E-02 7.872983346207418E-01 
% cubature r weak differentiation matrix
-7.693958351214011E-01 -3.703703703703703E-01 3.064328721584379E-01 -1.231033336194241E+00 -5.925925925925920E-01 4.902925954535002E-01 -7.693958351214011E-01 -3.703703703703703E-01 3.064328721584379E-01 
7.693958351214011E-01 3.703703703703703E-01 -3.064328721584379E-01 1.231033336194241E+00 5.925925925925920E-01 -4.902925954535002E-01 7.693958351214011E-01 3.703703703703703E-01 -3.064328721584379E-01 
3.064328721584378E-01 -3.703703703703702E-01 -7.693958351214011E-01 4.902925954535001E-01 -5.925925925925918E-01 -1.231033336194241E+00 3.064328721584378E-01 -3.703703703703702E-01 -7.693958351214011E-01 
-3.064328721584378E-01 3.703703703703702E-01 7.693958351214011E-01 -4.902925954535001E-01 5.925925925925918E-01 1.231033336194241E+00 -3.064328721584378E-01 3.703703703703702E-01 7.693958351214011E-01 
% cubature s weak differentiation matrix
-7.693958351214011E-01 -1.231033336194241E+00 -7.693958351214011E-01 -3.703703703703703E-01 -5.925925925925920E-01 -3.703703703703703E-01 3.064328721584379E-01 4.902925954535002E-01 3.064328721584379E-01 
3.064328721584378E-01 4.902925954535001E-01 3.064328721584378E-01 -3.703703703703702E-01 -5.925925925925918E-01 -3.703703703703702E-01 -7.693958351214011E-01 -1.231033336194241E+00 -7.693958351214011E-01 
7.693958351214011E-01 1.231033336194241E+00 7.693958351214011E-01 3.703703703703703E-01 5.925925925925920E-01 3.703703703703703E-01 -3.064328721584379E-01 -4.902925954535002E-01 -3.064328721584379E-01 
-3.064328721584378E-01 -4.902925954535001E-01 -3.064328721584378E-01 3.703703703703702E-01 5.925925925925918E-01 3.703703703703702E-01 7.693958351214011E-01 1.231033336194241E+00 7.693958351214011E-01 
% cubature projection matrix
8.524367295871067E-01 4.103444453980801E-01 -3.395061728395065E-01 4.103444453980801E-01 1.975308641975306E-01 -1.634308651511667E-01 -3.395061728395065E-01 -1.634308651511667E-01 1.352175914005480E-01 
-3.395061728395063E-01 -1.634308651511666E-01 1.352175914005479E-01 4.103444453980800E-01 1.975308641975306E-01 -1.634308651511667E-01 8.524367295871070E-01 4.103444453980802E-01 -3.395061728395065E-01 
-3.395061728395063E-01 4.103444453980800E-01 8.524367295871070E-01 -1.634308651511666E-01 1.975308641975306E-01 4.103444453980802E-01 1.352175914005479E-01 -1.634308651511667E-01 -3.395061728395065E-01 
1.352175914005479E-01 -1.634308651511666E-01 -3.395061728395063E-01 -1.634308651511666E-01 1.975308641975305E-01 4.103444453980801E-01 -3.395061728395063E-01 4.103444453980801E-01 8.524367295871071E-01 
% number of surface integration nodes per face
3
% surface integration interpolation matrix
8.872983346207417E-01 1.127016653792583E-01 
5.000000000000000E-01 5.000000000000000E-01 
1.127016653792583E-01 8.872983346207417E-01 
8.872983346207417E-01 1.127016653792583E-01 
5.000000000000000E-01 5.000000000000000E-01 
1.127016653792583E-01 8.872983346207417E-01 
1.127016653792583E-01 8.872983346207417E-01 
5.000000000000000E-01 5.000000000000000E-01 
8.872983346207417E-01 1.127016653792583E-01 
1.127016653792584E-01 8.872983346207416E-01 
5.000000000000000E-01 5.000000000000000E-01 
8.872983346207418E-01 1.127016653792582E-01 
% surface integration lift matrix
1.846550004291361E+00 8.888888888888881E-01 -7.354388931802502E-01 -9.232750021456809E-01 -4.444444444444440E-01 3.677194465901252E-01 3.677194465901256E-01 -4.444444444444440E-01 -9.232750021456808E-01 -7.354388931802499E-01 8.888888888888881E-01 1.846550004291362E+00 
-7.354388931802502E-01 8.888888888888881E-01 1.846550004291361E+00 1.846550004291361E+00 8.888888888888881E-01 -7.354388931802504E-01 -9.232750021456811E-01 -4.444444444444440E-01 3.677194465901252E-01 3.677194465901252E-01 -4.444444444444440E-01 -9.232750021456809E-01 
-9.232750021456808E-01 -4.444444444444440E-01 3.677194465901252E-01 3.677194465901253E-01 -4.444444444444440E-01 -9.232750021456808E-01 -7.354388931802505E-01 8.888888888888881E-01 1.846550004291361E+00 1.846550004291361E+00 8.888888888888881E-01 -7.354388931802506E-01 
3.677194465901253E-01 -4.444444444444440E-01 -9.232750021456808E-01 -7.354388931802502E-01 8.888888888888881E-01 1.846550004291361E+00 1.846550004291362E+00 8.888888888888881E-01 -7.354388931802504E-01 -9.232750021456808E-01 -4.444444444444440E-01 3.677194465901254E-01 
% dual projection matrix
3.124999999999996E-02 2.187499999999998E-01 6.874999999999994E-01 1.874999999999998E-01 -9.374999999999992E-02 -3.124999999999997E-02 
-3.124999999999998E-02 -9.374999999999994E-02 1.874999999999998E-01 6.874999999999994E-01 2.187499999999997E-01 3.124999999999996E-02 
