******************************************
Pressure projection rank-1 update - L2 orthogonal (u)
11 1
-0.953462589245592 
0.388322647836044 
-0.297169565759393 
0.258139435827063 
-0.240034042358057 
0.234641184072157 
-0.240034042358057 
0.258139435827063 
-0.297169565759393 
0.388322647836044 
-0.953462589245590 
******************************************
Pressure projection rank-1 update - L2 orthogonal (v)
11 1
-0.095346258924558 
0.234107105047021 
-0.305916558705399 
0.352170487309790 
-0.378734157938658 
0.387438766423607 
-0.378734157938658 
0.352170487309787 
-0.305916558705392 
0.234107105047023 
-0.095346258924564 
******************************************
Pressure projection rank-1 update - Interpolatory (u)
11 1
0.000000000000000 
-0.104639372305706 
0.241272892043394 
-0.370850900061359 
0.462412657555023 
-0.495353610818998 
0.462412657555024 
-0.370850900061358 
0.241272892043403 
-0.104639372305719 
0.000000000000000 
******************************************
Pressure projection rank-1 update - Interpolatory (v)
11 1
0.095346258924558 
-0.234107105047021 
0.305916558705399 
-0.352170487309790 
0.378734157938658 
-0.387438766423607 
0.378734157938658 
-0.352170487309787 
0.305916558705392 
-0.234107105047023 
0.095346258924564 
******************************************
Pressure projection rank-1 update - Pseudoinverse (u)
11 1
-0.095346258924558 
0.234107105047021 
-0.305916558705399 
0.352170487309790 
-0.378734157938658 
0.387438766423607 
-0.378734157938658 
0.352170487309787 
-0.305916558705392 
0.234107105047024 
-0.095346258924564 
******************************************
Pressure projection rank-1 update - Pseudoinverse (v)
11 1
-0.095346258924558 
0.234107105047021 
-0.305916558705399 
0.352170487309790 
-0.378734157938658 
0.387438766423607 
-0.378734157938657 
0.352170487309787 
-0.305916558705392 
0.234107105047023 
-0.095346258924564 
******************************************
Cubature 1D differentiation matrix
16 16
-46.922640442193170 76.369232393207028 -52.152118900490620 41.315544034787195 -34.209556005933905 28.754804995097061 -24.210564215973534 20.246648321414540 -16.698767424160650 13.482386737587575 -10.556626251085419 7.907593583255860 -5.540843760657275 3.479645274585259 -1.770094643761961 0.505356304321904 
-6.516633666353655 -8.764077985126335 23.884750591474514 -14.928688384117805 11.364230896933591 -9.173533123088482 7.550426147097966 -6.226391285606574 5.088276322607342 -4.082372050802668 3.182293079362779 -2.376189537454533 1.661237251669462 -1.041623568236608 0.529338578499789 -0.151043266858830 
1.251696784219256 -6.718046516836708 -3.453096179431444 13.587804819341880 -7.947423455960841 5.807417829677242 -4.545629586909296 3.640435655398436 -2.920320748862414 2.314062893750590 -1.788381286793163 1.327269080234126 -0.923940321393395 0.577613189798106 -0.292976707361760 0.083514551129408 
-0.442046241453479 1.871849798231654 -6.057261847018616 -1.759355912364001 9.559178845009232 -5.314632528258647 3.741063971824845 -2.836316463472617 2.202543686559681 -1.709262983454924 1.302520504691630 -0.957310738199382 0.661897116921545 -0.411880250865233 0.208296036084497 -0.059282994236193 
0.211776223755846 -0.824451151838197 2.049882358281327 -5.530904030781691 -0.999429495816753 7.520479819081507 -4.009471606840116 2.724932006594615 -1.998584094543810 1.498950642872354 -1.117415829360342 0.809223537123351 -0.553896302858893 0.342343086075720 -0.172387574566870 0.048952412821945 
-0.123160762452089 0.460461891536118 -1.036377169807825 2.127555788721558 -5.203286386913055 -0.579606200428831 6.357168034348607 -3.264739617946305 2.142950547886145 -1.516303005240097 1.091663066487474 -0.773120161652390 0.521425521887059 -0.319150023453190 0.159733951039833 -0.045215474013026 
0.082447441425932 -0.301327559280972 0.644969439616522 -1.190729684091340 2.205614723601489 -5.054451353996418 -0.305858283916844 5.663366376257915 -2.805863949744509 1.775545793426222 -1.205580808387417 0.824574390857638 -0.544035116118455 0.328337322538967 -0.162922089717814 0.045913357529092 
-0.061743965768193 0.222521976279103 -0.462559454443940 0.808428918717116 -1.342354703400720 2.324491639251111 -5.071585680062433 -0.095878037026348 5.262464920192370 -2.512671524728426 1.525778841445071 -0.984541541939426 0.627786085891345 -0.371060526888305 0.181847437981959 -0.050924385500284 
0.050924385500283 -0.181847437981957 0.371060526888303 -0.627786085891345 0.984541541939426 -1.525778841445071 2.512671524728425 -5.262464920192375 0.095878037026350 5.071585680062432 -2.324491639251113 1.342354703400723 -0.808428918717116 0.462559454443937 -0.222521976279102 0.061743965768193 
-0.045913357529093 0.162922089717815 -0.328337322538967 0.544035116118457 -0.824574390857635 1.205580808387418 -1.775545793426220 2.805863949744512 -5.663366376257915 0.305858283916845 5.054451353996421 -2.205614723601488 1.190729684091341 -0.644969439616521 0.301327559280974 -0.082447441425933 
0.045215474013026 -0.159733951039832 0.319150023453187 -0.521425521887058 0.773120161652389 -1.091663066487476 1.516303005240096 -2.142950547886148 3.264739617946307 -6.357168034348606 0.579606200428831 5.203286386913054 -2.127555788721557 1.036377169807817 -0.460461891536120 0.123160762452087 
-0.048952412821944 0.172387574566873 -0.342343086075724 0.553896302858894 -0.809223537123352 1.117415829360346 -1.498950642872357 1.998584094543809 -2.724932006594622 4.009471606840121 -7.520479819081510 0.999429495816757 5.530904030781685 -2.049882358281327 0.824451151838193 -0.211776223755848 
0.059282994236193 -0.208296036084496 0.411880250865236 -0.661897116921542 0.957310738199383 -1.302520504691633 1.709262983454925 -2.202543686559680 2.836316463472620 -3.741063971824847 5.314632528258652 -9.559178845009232 1.759355912364011 6.057261847018616 -1.871849798231651 0.442046241453475 
-0.083514551129410 0.292976707361762 -0.577613189798100 0.923940321393397 -1.327269080234137 1.788381286793156 -2.314062893750583 2.920320748862416 -3.640435655398433 4.545629586909296 -5.807417829677263 7.947423455960848 -13.587804819341883 3.453096179431433 6.718046516836701 -1.251696784219263 
0.151043266858832 -0.529338578499794 1.041623568236604 -1.661237251669460 2.376189537454557 -3.182293079362797 4.082372050802636 -5.088276322607321 6.226391285606617 -7.550426147097966 9.173533123088504 -11.364230896933634 14.928688384117855 -23.884750591474528 8.764077985126335 6.516633666353641 
-0.505356304321894 1.770094643761940 -3.479645274585209 5.540843760657275 -7.907593583255888 10.556626251085433 -13.482386737587603 16.698767424160508 -20.246648321414369 24.210564215973250 -28.754804995096720 34.209556005933791 -41.315544034787195 52.152118900490620 -76.369232393207085 46.922640442193227 
