******************************************
Pressure projection rank-1 update - L2 orthogonal (u)
9 1
-0.942809041582066 
0.386259856995679 
-0.299896013031983 
0.266971975312291 
-0.257799347307596 
0.266971975312291 
-0.299896013031984 
0.386259856995679 
-0.942809041582066 
******************************************
Pressure projection rank-1 update - L2 orthogonal (v)
9 1
-0.117851130197758 
0.287658966104661 
-0.370498793857794 
0.416190167455362 
-0.430998419008943 
0.416190167455365 
-0.370498793857798 
0.287658966104660 
-0.117851130197755 
******************************************
Pressure projection rank-1 update - Interpolatory (u)
9 1
0.000000000000000 
-0.157623446124366 
0.347934262198341 
-0.496651230815719 
0.552427172801991 
-0.496651230815721 
0.347934262198338 
-0.157623446124352 
0.000000000000000 
******************************************
Pressure projection rank-1 update - Interpolatory (v)
9 1
0.117851130197758 
-0.287658966104661 
0.370498793857794 
-0.416190167455363 
0.430998419008943 
-0.416190167455365 
0.370498793857798 
-0.287658966104660 
0.117851130197755 
******************************************
Pressure projection rank-1 update - Pseudoinverse (u)
9 1
-0.117851130197758 
0.287658966104661 
-0.370498793857794 
0.416190167455363 
-0.430998419008943 
0.416190167455364 
-0.370498793857798 
0.287658966104660 
-0.117851130197755 
******************************************
Pressure projection rank-1 update - Pseudoinverse (v)
9 1
-0.117851130197758 
0.287658966104661 
-0.370498793857794 
0.416190167455363 
-0.430998419008943 
0.416190167455365 
-0.370498793857798 
0.287658966104660 
-0.117851130197755 
******************************************
Cubature 1D differentiation matrix
13 13
-31.359673666433565 50.834562311810714 -34.231393368235473 26.548592219777703 -21.338585265787657 17.229353698221416 -13.746427031372818 10.691378071580175 -7.978687973412718 5.579479355273833 -3.500368663016662 1.779805882419790 -0.508035570824735 
-4.437032371498042 -5.807100473056238 15.917318078918839 -9.740860017426499 7.199055145868570 -5.583457666591247 4.355919261957258 -3.341836265770871 2.472102560573603 -1.718751529181581 1.074195793528609 -0.544900689041516 0.155348171719076 
0.876093108516461 -4.667260842241177 -2.242348561636832 9.117961336672591 -5.179198612769094 3.637620614358347 -2.700117847856353 2.013026917012582 -1.462876375036601 1.005481001078671 -0.623769543828955 0.314974667163077 -0.089585861432722 
-0.322350770505228 1.355036548825225 -4.325728671512735 -1.093570308509697 6.497442583331662 -3.474105775016812 2.320801734444338 -1.639482621997812 1.154678631812162 -0.778392642912398 0.477018692493667 -0.239092968816280 0.067745568363911 
0.163307754214960 -0.631223524171626 1.548738386275728 -4.095400873319631 -0.561419995904476 5.210474317155045 -2.638948277827936 1.673261711304845 -1.114845220674184 0.727805104312632 -0.437444663892460 0.216757513143163 -0.061062230616058 
-0.102165784344734 0.379320405306917 -0.842807132474688 1.696650182923246 -4.037128402476860 -0.243384731018338 4.520553087343291 -2.169589749572495 1.296460162416501 -0.800674668720647 0.466401976287735 -0.227032559839475 0.063397214169551 
0.075103193181522 -0.272655890122731 0.576402165731368 -1.044285856129312 1.883901820285862 -4.165082980336284 -0.000000000000000 4.165082980336284 -1.883901820285861 1.044285856129311 -0.576402165731367 0.272655890122733 -0.075103193181522 
-0.063397214169551 0.227032559839477 -0.466401976287734 0.800674668720648 -1.296460162416503 2.169589749572495 -4.520553087343288 0.243384731018339 4.037128402476860 -1.696650182923247 0.842807132474689 -0.379320405306919 0.102165784344737 
0.061062230616058 -0.216757513143163 0.437444663892460 -0.727805104312631 1.114845220674185 -1.673261711304848 2.638948277827935 -5.210474317155041 0.561419995904480 4.095400873319630 -1.548738386275723 0.631223524171624 -0.163307754214962 
-0.067745568363911 0.239092968816280 -0.477018692493664 0.778392642912398 -1.154678631812159 1.639482621997810 -2.320801734444336 3.474105775016810 -6.497442583331663 1.093570308509701 4.325728671512735 -1.355036548825233 0.322350770505230 
0.089585861432723 -0.314974667163073 0.623769543828951 -1.005481001078667 1.462876375036594 -2.013026917012575 2.700117847856352 -3.637620614358343 5.179198612769087 -9.117961336672590 2.242348561636839 4.667260842241170 -0.876093108516464 
-0.155348171719075 0.544900689041524 -1.074195793528621 1.718751529181595 -2.472102560573603 3.341836265770866 -4.355919261957258 5.583457666591244 -7.199055145868563 9.740860017426499 -15.917318078918846 5.807100473056238 4.437032371498034 
0.508035570824768 -1.779805882419812 3.500368663016669 -5.579479355273818 7.978687973412747 -10.691378071580218 13.746427031372960 -17.229353698221502 21.338585265787685 -26.548592219777731 34.231393368235416 -50.834562311810714 31.359673666433565 
