******************************************
Pressure projection rank-1 update - L2 orthogonal (u)
8 1
-0.935414346693484 
0.385113184030955 
-0.302670229029746 
0.275254689459383 
-0.275254689459383 
0.302670229029746 
-0.385113184030956 
0.935414346693484 
******************************************
Pressure projection rank-1 update - L2 orthogonal (v)
8 1
-0.133630620956212 
0.324579903216070 
-0.412990733844904 
0.454124869754291 
-0.454124869754291 
0.412990733844903 
-0.324579903216070 
0.133630620956213 
******************************************
Pressure projection rank-1 update - Interpolatory (u)
8 1
0.000000000000000 
-0.200316524803202 
0.426189023265142 
-0.570259815173744 
0.570259815173743 
-0.426189023265139 
0.200316524803213 
0.000000000000001 
******************************************
Pressure projection rank-1 update - Interpolatory (v)
8 1
0.133630620956212 
-0.324579903216070 
0.412990733844904 
-0.454124869754291 
0.454124869754291 
-0.412990733844903 
0.324579903216070 
-0.133630620956213 
******************************************
Pressure projection rank-1 update - Pseudoinverse (u)
8 1
-0.133630620956212 
0.324579903216070 
-0.412990733844904 
0.454124869754291 
-0.454124869754291 
0.412990733844903 
-0.324579903216070 
0.133630620956213 
******************************************
Pressure projection rank-1 update - Pseudoinverse (v)
8 1
-0.133630620956212 
0.324579903216070 
-0.412990733844904 
0.454124869754291 
-0.454124869754291 
0.412990733844903 
-0.324579903216070 
0.133630620956213 
******************************************
Cubature 1D differentiation matrix
12 12
-26.863573748611785 43.457759219320366 -29.055474188402655 22.287891149872650 -17.634303542791542 13.929045177638557 -10.776910746992698 8.020415709703542 -5.600712510073315 3.511248203393325 -1.784777604713350 0.509392881656994 
-3.836755246488387 -4.952113807536421 13.614799596154590 -8.241320111399187 5.996352743992801 -4.550265989507960 3.443072223688127 -2.528213938816716 1.750558415736105 -1.091566836121051 0.553025613079455 -0.157572662781343 
0.768250444535902 -4.077456527741159 -1.890492119508347 7.825383191336750 -4.376929384625494 3.008579967414336 -2.166753274517037 1.546791142335744 -1.052736281911459 0.649432735797735 -0.326910160518606 0.092840267401643 
-0.288671391164125 1.209023616484368 -3.833235730011733 -0.896589759192860 5.611703438163882 -2.937697262790661 1.905076007392577 -1.289528975320757 0.851327626459711 -0.515679070460113 0.256811583344878 -0.072540082905171 
0.150552581350553 -0.579856194153678 1.413268181926971 -3.699046909199143 -0.425386265706215 4.542957436889295 -2.235228633321830 1.359318061019222 -0.850014300121980 0.499443905407360 -0.244482033522325 0.068474169431771 
-0.097903709891707 0.362257862385618 -0.799768893911073 1.594226681936101 -3.740128949425788 -0.127228789346967 3.992544848399699 -1.840220481087492 1.033844787402101 -0.575986641042485 0.274111444620722 -0.075748160038727 
0.075748160038724 -0.274111444620718 0.575986641042483 -1.033844787402100 1.840220481087492 -3.992544848399698 0.127228789346967 3.740128949425788 -1.594226681936101 0.799768893911073 -0.362257862385619 0.097903709891709 
-0.068474169431771 0.244482033522327 -0.499443905407360 0.850014300121981 -1.359318061019220 2.235228633321829 -4.542957436889298 0.425386265706214 3.699046909199141 -1.413268181926973 0.579856194153677 -0.150552581350549 
0.072540082905170 -0.256811583344877 0.515679070460113 -0.851327626459712 1.289528975320757 -1.905076007392579 2.937697262790661 -5.611703438163886 0.896589759192862 3.833235730011732 -1.209023616484368 0.288671391164124 
-0.092840267401641 0.326910160518606 -0.649432735797737 1.052736281911463 -1.546791142335751 2.166753274517043 -3.008579967414335 4.376929384625494 -7.825383191336751 1.890492119508354 4.077456527741166 -0.768250444535898 
0.157572662781344 -0.553025613079457 1.091566836121054 -1.750558415736107 2.528213938816728 -3.443072223688116 4.550265989507952 -5.996352743992801 8.241320111399187 -13.614799596154604 4.952113807536449 3.836755246488387 
-0.509392881657005 1.784777604713355 -3.511248203393336 5.600712510073294 -8.020415709703499 10.776910746992641 -13.929045177638486 17.634303542791528 -22.287891149872593 29.055474188402655 -43.457759219320394 26.863573748611770 
