******************************************
Cubature 1D differentiation matrix
15 15
-41.389193758056933 67.290286963363542 -45.779835258365836 36.062954866429038 -29.627625559035380 24.645196486876188 -20.468699046585215 16.813725225199931 -13.542651749440239 10.588863221446672 -7.925338347066415 5.550822671551657 -3.485121549671952 1.772692540293935 -0.506076706938826 
-5.777023097369920 -7.713004311652753 21.052208796187003 -13.084460749843835 9.883063547313895 -7.895525117515277 6.410693005478631 -5.193105851533335 4.144851272547655 -3.220785691878822 2.400257833771516 -1.676064523931210 1.050167509619726 -0.533462279046791 0.152189657853430 
1.117889367511118 -5.987844936594598 -3.023417968499332 11.999024399779842 -6.964168273351131 5.036817327326023 -3.889585817008061 3.060400488092817 -2.398140821162946 1.840848942000280 -1.360439676678689 0.944501138778624 -0.589479037040274 0.298697408235451 -0.085102541389120 
-0.399145249055881 1.686839496298813 -5.438648514816364 -1.524387296869612 8.470998327505217 -4.662008327979165 3.238181552080960 -2.412477977913315 1.830457524098857 -1.376494901975592 1.003433072595239 -0.690209499788466 0.428102281028359 -0.216077062048289 0.061436576839244 
0.194083522317397 -0.754104760476510 1.868256381573053 -5.013681692333411 -0.847151312978594 6.699078764634256 -3.524994708978979 2.354770399618385 -1.688063603619837 1.227342006798171 -0.875699419317940 0.593896236435008 -0.364961041712037 0.183146232962357 -0.051917004921330 
-0.115060725277562 0.429362507120754 -0.963000300517143 1.966519291956168 -4.774392159423003 -0.466647502552593 5.702824741676340 -2.879731503324400 1.848341015200015 -1.268548246015781 0.874719086021615 -0.580630404233466 0.351956001011865 -0.175147896939237 0.049436095296434 
0.078919222271144 -0.287902749578659 0.614145556639265 -1.128038946976229 2.074718633940853 -4.709640516613684 -0.209681817598287 5.126826867715285 -2.485162412403496 1.526440339309118 -0.993549580311810 0.637650281418677 -0.378654077529873 0.186144318085621 -0.052215118367919 
-0.060929658329896 0.219199847876603 -0.454170016586914 0.789875236930125 -1.302631412587916 2.235228736584661 -4.818600179315549 0.000000000000001 4.818600179315546 -2.235228736584659 1.302631412587913 -0.789875236930123 0.454170016586914 -0.219199847876601 0.060929658329894 
0.052215118367918 -0.186144318085622 0.378654077529872 -0.637650281418678 0.993549580311813 -1.526440339309117 2.485162412403497 -5.126826867715287 0.209681817598290 4.709640516613682 -2.074718633940850 1.128038946976229 -0.614145556639266 0.287902749578659 -0.078919222271142 
-0.049436095296433 0.175147896939237 -0.351956001011868 0.580630404233467 -0.874719086021616 1.268548246015781 -1.848341015200015 2.879731503324404 -5.702824741676338 0.466647502552588 4.774392159422998 -1.966519291956171 0.963000300517148 -0.429362507120750 0.115060725277563 
0.051917004921328 -0.183146232962356 0.364961041712039 -0.593896236435011 0.875699419317941 -1.227342006798170 1.688063603619838 -2.354770399618390 3.524994708978977 -6.699078764634250 0.847151312978594 5.013681692333408 -1.868256381573055 0.754104760476508 -0.194083522317396 
-0.061436576839239 0.216077062048291 -0.428102281028362 0.690209499788469 -1.003433072595238 1.376494901975590 -1.830457524098860 2.412477977913323 -3.238181552080960 4.662008327979158 -8.470998327505217 1.524387296869619 5.438648514816364 -1.686839496298820 0.399145249055875 
0.085102541389126 -0.298697408235455 0.589479037040280 -0.944501138778621 1.360439676678684 -1.840848942000273 2.398140821162947 -3.060400488092821 3.889585817008053 -5.036817327326014 6.964168273351120 -11.999024399779849 3.023417968499359 5.987844936594609 -1.117889367511115 
-0.152189657853432 0.533462279046797 -1.050167509619729 1.676064523931188 -2.400257833771498 3.220785691878843 -4.144851272547651 5.193105851533314 -6.410693005478635 7.895525117515263 -9.883063547313846 13.084460749843849 -21.052208796187045 7.713004311652753 5.777023097369863 
0.506076706938799 -1.772692540293862 3.485121549671877 -5.550822671551607 7.925338347066415 -10.588863221446815 13.542651749440310 -16.813725225199903 20.468699046585215 -24.645196486876216 29.627625559035323 -36.062954866428981 45.779835258365836 -67.290286963363201 41.389193758056933 
******************************************
Pressure 1D cubature interpolation matrix
15 9
0.798513201514925 0.265240395739270 -0.096983390636748 0.054187475769241 -0.035491333210588 0.025061173637158 -0.018101985736558 0.012397485540680 -0.004823022617380 
0.219143802458932 0.894366678725339 -0.166155685475042 0.084549141830752 -0.053636030677987 0.037330615488075 -0.026767440077517 0.018264533327486 -0.007095615600039 
-0.120957464150217 0.869339089260147 0.337513370894634 -0.133666365665010 0.079163665663963 -0.053528285669211 0.037840506969510 -0.025638767571170 0.009934250267355 
-0.051690475444310 0.198300726342961 0.948164189867649 -0.139236012919056 0.071914199611174 -0.046256901791028 0.031951372093508 -0.021407844696491 0.008260746935592 
0.062362847271926 -0.198628918658933 0.791921698014822 0.454579235426846 -0.171371413994611 0.101153498457382 -0.067389886074400 0.044404047645023 -0.017031108088053 
0.014309953574281 -0.041853690536057 0.096297581102013 0.986561840674613 -0.080441707666880 0.040430616635629 -0.025440700190361 0.016354703917380 -0.006218597510618 
-0.039665229626392 0.110710615147624 -0.209268790305876 0.691034564193229 0.575940922029106 -0.198285226930050 0.113402247889016 -0.070246870857926 0.026377768461270 
0.000000000000000 -0.000000000000000 0.000000000000000 0.000000000000000 1.000000000000000 0.000000000000000 -0.000000000000000 0.000000000000000 0.000000000000000 
0.026377768461271 -0.070246870857926 0.113402247889015 -0.198285226930049 0.575940922029106 0.691034564193230 -0.209268790305878 0.110710615147624 -0.039665229626391 
-0.006218597510618 0.016354703917380 -0.025440700190362 0.040430616635629 -0.080441707666880 0.986561840674613 0.096297581102013 -0.041853690536057 0.014309953574281 
-0.017031108088053 0.044404047645022 -0.067389886074400 0.101153498457381 -0.171371413994610 0.454579235426845 0.791921698014824 -0.198628918658933 0.062362847271924 
0.008260746935592 -0.021407844696491 0.031951372093508 -0.046256901791028 0.071914199611173 -0.139236012919055 0.948164189867647 0.198300726342961 -0.051690475444308 
0.009934250267354 -0.025638767571169 0.037840506969509 -0.053528285669209 0.079163665663960 -0.133666365665006 0.337513370894626 0.869339089260147 -0.120957464150211 
-0.007095615600039 0.018264533327487 -0.026767440077518 0.037330615488078 -0.053636030677990 0.084549141830756 -0.166155685475051 0.894366678725339 0.219143802458939 
-0.004823022617380 0.012397485540680 -0.018101985736558 0.025061173637159 -0.035491333210589 0.054187475769242 -0.096983390636750 0.265240395739269 0.798513201514927 
