******************************************
Cubature 1D differentiation matrix
16 16
-46.922640442193170 76.369232393207028 -52.152118900490620 41.315544034787195 -34.209556005933905 28.754804995097061 -24.210564215973534 20.246648321414540 -16.698767424160650 13.482386737587575 -10.556626251085419 7.907593583255860 -5.540843760657275 3.479645274585259 -1.770094643761961 0.505356304321904 
-6.516633666353655 -8.764077985126335 23.884750591474514 -14.928688384117805 11.364230896933591 -9.173533123088482 7.550426147097966 -6.226391285606574 5.088276322607342 -4.082372050802668 3.182293079362779 -2.376189537454533 1.661237251669462 -1.041623568236608 0.529338578499789 -0.151043266858830 
1.251696784219256 -6.718046516836708 -3.453096179431444 13.587804819341880 -7.947423455960841 5.807417829677242 -4.545629586909296 3.640435655398436 -2.920320748862414 2.314062893750590 -1.788381286793163 1.327269080234126 -0.923940321393395 0.577613189798106 -0.292976707361760 0.083514551129408 
-0.442046241453479 1.871849798231654 -6.057261847018616 -1.759355912364001 9.559178845009232 -5.314632528258647 3.741063971824845 -2.836316463472617 2.202543686559681 -1.709262983454924 1.302520504691630 -0.957310738199382 0.661897116921545 -0.411880250865233 0.208296036084497 -0.059282994236193 
0.211776223755846 -0.824451151838197 2.049882358281327 -5.530904030781691 -0.999429495816753 7.520479819081507 -4.009471606840116 2.724932006594615 -1.998584094543810 1.498950642872354 -1.117415829360342 0.809223537123351 -0.553896302858893 0.342343086075720 -0.172387574566870 0.048952412821945 
-0.123160762452089 0.460461891536118 -1.036377169807825 2.127555788721558 -5.203286386913055 -0.579606200428831 6.357168034348607 -3.264739617946305 2.142950547886145 -1.516303005240097 1.091663066487474 -0.773120161652390 0.521425521887059 -0.319150023453190 0.159733951039833 -0.045215474013026 
0.082447441425932 -0.301327559280972 0.644969439616522 -1.190729684091340 2.205614723601489 -5.054451353996418 -0.305858283916844 5.663366376257915 -2.805863949744509 1.775545793426222 -1.205580808387417 0.824574390857638 -0.544035116118455 0.328337322538967 -0.162922089717814 0.045913357529092 
-0.061743965768193 0.222521976279103 -0.462559454443940 0.808428918717116 -1.342354703400720 2.324491639251111 -5.071585680062433 -0.095878037026348 5.262464920192370 -2.512671524728426 1.525778841445071 -0.984541541939426 0.627786085891345 -0.371060526888305 0.181847437981959 -0.050924385500284 
0.050924385500283 -0.181847437981957 0.371060526888303 -0.627786085891345 0.984541541939426 -1.525778841445071 2.512671524728425 -5.262464920192375 0.095878037026350 5.071585680062432 -2.324491639251113 1.342354703400723 -0.808428918717116 0.462559454443937 -0.222521976279102 0.061743965768193 
-0.045913357529093 0.162922089717815 -0.328337322538967 0.544035116118457 -0.824574390857635 1.205580808387418 -1.775545793426220 2.805863949744512 -5.663366376257915 0.305858283916845 5.054451353996421 -2.205614723601488 1.190729684091341 -0.644969439616521 0.301327559280974 -0.082447441425933 
0.045215474013026 -0.159733951039832 0.319150023453187 -0.521425521887058 0.773120161652389 -1.091663066487476 1.516303005240096 -2.142950547886148 3.264739617946307 -6.357168034348606 0.579606200428831 5.203286386913054 -2.127555788721557 1.036377169807817 -0.460461891536120 0.123160762452087 
-0.048952412821944 0.172387574566873 -0.342343086075724 0.553896302858894 -0.809223537123352 1.117415829360346 -1.498950642872357 1.998584094543809 -2.724932006594622 4.009471606840121 -7.520479819081510 0.999429495816757 5.530904030781685 -2.049882358281327 0.824451151838193 -0.211776223755848 
0.059282994236193 -0.208296036084496 0.411880250865236 -0.661897116921542 0.957310738199383 -1.302520504691633 1.709262983454925 -2.202543686559680 2.836316463472620 -3.741063971824847 5.314632528258652 -9.559178845009232 1.759355912364011 6.057261847018616 -1.871849798231651 0.442046241453475 
-0.083514551129410 0.292976707361762 -0.577613189798100 0.923940321393397 -1.327269080234137 1.788381286793156 -2.314062893750583 2.920320748862416 -3.640435655398433 4.545629586909296 -5.807417829677263 7.947423455960848 -13.587804819341883 3.453096179431433 6.718046516836701 -1.251696784219263 
0.151043266858832 -0.529338578499794 1.041623568236604 -1.661237251669460 2.376189537454557 -3.182293079362797 4.082372050802636 -5.088276322607321 6.226391285606617 -7.550426147097966 9.173533123088504 -11.364230896933634 14.928688384117855 -23.884750591474528 8.764077985126335 6.516633666353641 
-0.505356304321894 1.770094643761940 -3.479645274585209 5.540843760657275 -7.907593583255888 10.556626251085433 -13.482386737587603 16.698767424160508 -20.246648321414369 24.210564215973250 -28.754804995096720 34.209556005933791 -41.315544034787195 52.152118900490620 -76.369232393207085 46.922640442193227 
******************************************
Pressure 1D cubature interpolation matrix
16 10
0.779383574745855 0.289586047261783 -0.104853159611100 0.058549471533607 -0.038482703960698 0.027466003593349 -0.020408996354978 0.015206239646682 -0.010598851084287 0.004152374229786 
0.171446462373733 0.929418855111422 -0.146884824629885 0.073819675738710 -0.046813362502017 0.032870512553349 -0.024216490508518 0.017957695644082 -0.012485152534454 0.004886628753578 
-0.130492434889921 0.796717377950972 0.439702432483727 -0.163949608140987 0.096118173992653 -0.065298201068016 0.047310481277520 -0.034766456994925 0.024056722909556 -0.009398487520578 
-0.021172934060252 0.077281245901125 0.990635593823575 -0.067659417467521 0.033691752075815 -0.021595220585062 0.015222291109857 -0.011025998958893 0.007572895138551 -0.002950206977195 
0.063525556833133 -0.197092112873686 0.638741976601389 0.628789122275496 -0.205910665769158 0.118998901355650 -0.080306402432005 0.056921371747169 -0.038671753413621 0.015004005675634 
-0.010055531453921 0.028922387225950 -0.061751972843303 0.992404914234386 0.071474365405824 -0.033568735879873 0.021109185858966 -0.014486496986347 0.009689790217785 -0.003737905779467 
-0.033719424200242 0.093004111470333 -0.168560960945875 0.447307426786604 0.799486354749052 -0.208108223432039 0.115619123911222 -0.075522121814055 0.049394967767323 -0.018901254292322 
0.018734074759526 -0.050362117772810 0.083780050169666 -0.160510989211363 0.926328650365145 0.250065145843292 -0.107274630915430 0.064686063795792 -0.040929269506002 0.015483022472183 
0.015483022472183 -0.040929269506001 0.064686063795792 -0.107274630915429 0.250065145843291 0.926328650365145 -0.160510989211362 0.083780050169666 -0.050362117772810 0.018734074759526 
-0.018901254292322 0.049394967767324 -0.075522121814056 0.115619123911223 -0.208108223432040 0.799486354749052 0.447307426786604 -0.168560960945876 0.093004111470333 -0.033719424200242 
-0.003737905779467 0.009689790217785 -0.014486496986347 0.021109185858966 -0.033568735879873 0.071474365405824 0.992404914234385 -0.061751972843303 0.028922387225950 -0.010055531453921 
0.015004005675634 -0.038671753413622 0.056921371747169 -0.080306402432006 0.118998901355650 -0.205910665769157 0.628789122275496 0.638741976601390 -0.197092112873687 0.063525556833133 
-0.002950206977195 0.007572895138551 -0.011025998958892 0.015222291109857 -0.021595220585062 0.033691752075815 -0.067659417467520 0.990635593823575 0.077281245901123 -0.021172934060252 
-0.009398487520578 0.024056722909556 -0.034766456994925 0.047310481277520 -0.065298201068016 0.096118173992653 -0.163949608140986 0.439702432483725 0.796717377950972 -0.130492434889920 
0.004886628753578 -0.012485152534454 0.017957695644082 -0.024216490508518 0.032870512553350 -0.046813362502018 0.073819675738711 -0.146884824629887 0.929418855111422 0.171446462373734 
0.004152374229786 -0.010598851084287 0.015206239646682 -0.020408996354978 0.027466003593349 -0.038482703960698 0.058549471533607 -0.104853159611100 0.289586047261785 0.779383574745856 
