$MeshFormat
2.2 0 8
$EndMeshFormat
$Nodes
289
1 -1 -1 0
2 1 -1 0
3 1 1 0
4 -1 1 0
5 -0.8750000000002608 -1 0
6 -0.7500000000004586 -1 0
7 -0.6250000000007814 -1 0
8 -0.5000000000011042 -1 0
9 -0.3750000000015157 -1 0
10 -0.2500000000019272 -1 0
11 -0.1250000000023388 -1 0
12 -2.750244476601438e-12 -1 0
13 0.1249999999975935 -1 0
14 0.2499999999979372 -1 0
15 0.3749999999982809 -1 0
16 0.4999999999986249 -1 0
17 0.6249999999989686 -1 0
18 0.7499999999993123 -1 0
19 0.8749999999996563 -1 0
20 1 -0.8750000000002608 0
21 1 -0.7500000000004586 0
22 1 -0.6250000000007814 0
23 1 -0.5000000000011042 0
24 1 -0.3750000000015157 0
25 1 -0.2500000000019272 0
26 1 -0.1250000000023388 0
27 1 -2.750244476601438e-12 0
28 1 0.1249999999975935 0
29 1 0.2499999999979372 0
30 1 0.3749999999982809 0
31 1 0.4999999999986249 0
32 1 0.6249999999989686 0
33 1 0.7499999999993123 0
34 1 0.8749999999996563 0
35 0.8750000000002608 1 0
36 0.7500000000004586 1 0
37 0.6250000000007814 1 0
38 0.5000000000011042 1 0
39 0.3750000000015157 1 0
40 0.2500000000019272 1 0
41 0.1250000000023388 1 0
42 2.750244476601438e-12 1 0
43 -0.1249999999975935 1 0
44 -0.2499999999979372 1 0
45 -0.3749999999982809 1 0
46 -0.4999999999986249 1 0
47 -0.6249999999989686 1 0
48 -0.7499999999993123 1 0
49 -0.8749999999996563 1 0
50 -1 0.8750000000002608 0
51 -1 0.7500000000004586 0
52 -1 0.6250000000007814 0
53 -1 0.5000000000011042 0
54 -1 0.3750000000015157 0
55 -1 0.2500000000019272 0
56 -1 0.1250000000023388 0
57 -1 2.750244476601438e-12 0
58 -1 -0.1249999999975935 0
59 -1 -0.2499999999979372 0
60 -1 -0.3749999999982809 0
61 -1 -0.4999999999986249 0
62 -1 -0.6249999999989686 0
63 -1 -0.7499999999993123 0
64 -1 -0.8749999999996563 0
65 0 0 0
66 -1.375122238300719e-12 -0.5 0
67 0.5 -1.375122238300719e-12 0
68 0.4999999999993124 -0.5000000000005521 0
69 1.375122238300719e-12 0.5 0
70 0.5000000000005521 0.4999999999993124 0
71 -0.5 1.375122238300719e-12 0
72 -0.5000000000005521 -0.4999999999993124 0
73 -0.4999999999993124 0.5000000000005521 0
74 -6.875611191503594e-13 -0.25 0
75 0.2499999999989687 -0.500000000000276 0
76 0.4999999999996562 -0.2500000000009636 0
77 0.25 -6.875611191503594e-13 0
78 0.2499999999994843 -0.2500000000004818 0
79 -2.062683357451078e-12 -0.75 0
80 0.4999999999989687 -0.750000000000276 0
81 0.2499999999984529 -0.750000000000138 0
82 0.7499999999996563 -0.5000000000008282 0
83 0.7499999999994843 -0.7500000000003673 0
84 0.75 -2.062683357451078e-12 0
85 0.7499999999998281 -0.2500000000014455 0
86 0.500000000000276 0.2499999999989687 0
87 0.2500000000009636 0.4999999999996562 0
88 6.875611191503594e-13 0.25 0
89 0.2500000000004818 0.2499999999994843 0
90 0.750000000000276 0.4999999999989687 0
91 0.750000000000138 0.2499999999984529 0
92 0.5000000000008282 0.7499999999996563 0
93 0.7500000000003673 0.7499999999994843 0
94 2.062683357451078e-12 0.75 0
95 0.2500000000014455 0.7499999999998281 0
96 -0.25 6.875611191503594e-13 0
97 -0.500000000000276 -0.2499999999989687 0
98 -0.2500000000009636 -0.4999999999996562 0
99 -0.2500000000004818 -0.2499999999994843 0
100 -0.75 2.062683357451078e-12 0
101 -0.750000000000276 -0.4999999999989687 0
102 -0.750000000000138 -0.2499999999984529 0
103 -0.5000000000008282 -0.7499999999996563 0
104 -0.7500000000003673 -0.7499999999994843 0
105 -0.2500000000014455 -0.7499999999998281 0
106 -0.2499999999989687 0.500000000000276 0
107 -0.4999999999996562 0.2500000000009636 0
108 -0.2499999999994843 0.2500000000004818 0
109 -0.4999999999989687 0.750000000000276 0
110 -0.2499999999984529 0.750000000000138 0
111 -0.7499999999996563 0.5000000000008282 0
112 -0.7499999999994843 0.7500000000003673 0
113 -0.7499999999998281 0.2500000000014455 0
114 -3.437805595751797e-13 -0.125 0
115 0.1249999999993984 -0.2500000000002409 0
116 0.2499999999997422 -0.1250000000005847 0
117 0.125 -3.437805595751797e-13 0
118 0.1249999999996992 -0.1250000000002923 0
119 -1.031341678725539e-12 -0.375 0
120 0.1249999999987968 -0.500000000000138 0
121 0.2499999999992265 -0.3750000000003789 0
122 0.1249999999990976 -0.3750000000001895 0
123 0.3749999999991406 -0.5000000000004141 0
124 0.4999999999994843 -0.3750000000007578 0
125 0.3749999999995703 -0.2500000000007227 0
126 0.3749999999993554 -0.3750000000005683 0
127 0.4999999999998281 -0.1250000000011694 0
128 0.375 -1.031341678725539e-12 0
129 0.3749999999997852 -0.125000000000877 0
130 -1.718902797875899e-12 -0.625 0
131 0.1249999999981951 -0.7500000000000691 0
132 0.2499999999987108 -0.6250000000002069 0
133 0.1249999999984959 -0.6250000000001035 0
134 -2.406463917026258e-12 -0.875 0
135 0.2499999999981951 -0.8750000000000691 0
136 0.1249999999978943 -0.8750000000000345 0
137 0.4999999999987967 -0.875000000000138 0
138 0.3749999999987108 -0.7500000000002069 0
139 0.3749999999984959 -0.8750000000001035 0
140 0.4999999999991406 -0.6250000000004141 0
141 0.3749999999989257 -0.6250000000003105 0
142 0.6249999999992265 -0.7500000000003216 0
143 0.7499999999995703 -0.6250000000005977 0
144 0.6249999999994844 -0.5000000000006901 0
145 0.6249999999993555 -0.6250000000005058 0
146 0.7499999999993983 -0.8750000000001836 0
147 0.6249999999990976 -0.8750000000001608 0
148 0.8749999999997422 -0.750000000000413 0
149 0.8749999999996992 -0.8750000000002223 0
150 0.8749999999998281 -0.5000000000009662 0
151 0.8749999999997852 -0.6250000000006894 0
152 0.6249999999997422 -0.2500000000012045 0
153 0.7499999999999141 -0.1250000000017541 0
154 0.625 -1.718902797875899e-12 0
155 0.6249999999998711 -0.1250000000014617 0
156 0.7499999999997422 -0.3750000000011369 0
157 0.6249999999996134 -0.3750000000009474 0
158 0.8749999999999141 -0.2500000000016863 0
159 0.8749999999998711 -0.3750000000013263 0
160 0.875 -2.406463917026258e-12 0
161 0.874999999999957 -0.1250000000020464 0
162 0.2500000000002409 0.1249999999993984 0
163 0.1250000000005847 0.2499999999997422 0
164 3.437805595751797e-13 0.125 0
165 0.1250000000002923 0.1249999999996992 0
166 0.500000000000138 0.1249999999987968 0
167 0.3750000000003789 0.2499999999992265 0
168 0.3750000000001895 0.1249999999990976 0
169 0.5000000000004141 0.3749999999991406 0
170 0.3750000000007578 0.4999999999994843 0
171 0.2500000000007227 0.3749999999995703 0
172 0.3750000000005683 0.3749999999993554 0
173 0.1250000000011694 0.4999999999998281 0
174 1.031341678725539e-12 0.375 0
175 0.125000000000877 0.3749999999997852 0
176 0.7500000000000691 0.1249999999981951 0
177 0.6250000000002069 0.2499999999987108 0
178 0.6250000000001035 0.1249999999984959 0
179 0.8750000000000691 0.2499999999981951 0
180 0.8750000000000345 0.1249999999978943 0
181 0.875000000000138 0.4999999999987967 0
182 0.7500000000002069 0.3749999999987108 0
183 0.8750000000001035 0.3749999999984959 0
184 0.6250000000004141 0.4999999999991406 0
185 0.6250000000003105 0.3749999999989257 0
186 0.7500000000003216 0.6249999999992265 0
187 0.6250000000005977 0.7499999999995703 0
188 0.5000000000006901 0.6249999999994844 0
189 0.6250000000005058 0.6249999999993555 0
190 0.8750000000001836 0.7499999999993983 0
191 0.8750000000001608 0.6249999999990976 0
192 0.750000000000413 0.8749999999997422 0
193 0.8750000000002223 0.8749999999996992 0
194 0.5000000000009662 0.8749999999998281 0
195 0.6250000000006894 0.8749999999997852 0
196 0.2500000000012045 0.6249999999997422 0
197 0.1250000000017541 0.7499999999999141 0
198 1.718902797875899e-12 0.625 0
199 0.1250000000014617 0.6249999999998711 0
200 0.3750000000011369 0.7499999999997422 0
201 0.3750000000009474 0.6249999999996134 0
202 0.2500000000016863 0.8749999999999141 0
203 0.3750000000013263 0.8749999999998711 0
204 2.406463917026258e-12 0.875 0
205 0.1250000000020464 0.874999999999957 0
206 -0.125 3.437805595751797e-13 0
207 -0.2500000000002409 -0.1249999999993984 0
208 -0.1250000000005847 -0.2499999999997422 0
209 -0.1250000000002923 -0.1249999999996992 0
210 -0.375 1.031341678725539e-12 0
211 -0.500000000000138 -0.1249999999987968 0
212 -0.3750000000003789 -0.2499999999992265 0
213 -0.3750000000001895 -0.1249999999990976 0
214 -0.5000000000004141 -0.3749999999991406 0
215 -0.3750000000007578 -0.4999999999994843 0
216 -0.2500000000007227 -0.3749999999995703 0
217 -0.3750000000005683 -0.3749999999993554 0
218 -0.1250000000011694 -0.4999999999998281 0
219 -0.125000000000877 -0.3749999999997852 0
220 -0.625 1.718902797875899e-12 0
221 -0.7500000000000691 -0.1249999999981951 0
222 -0.6250000000002069 -0.2499999999987108 0
223 -0.6250000000001035 -0.1249999999984959 0
224 -0.875 2.406463917026258e-12 0
225 -0.8750000000000691 -0.2499999999981951 0
226 -0.8750000000000345 -0.1249999999978943 0
227 -0.875000000000138 -0.4999999999987967 0
228 -0.7500000000002069 -0.3749999999987108 0
229 -0.8750000000001035 -0.3749999999984959 0
230 -0.6250000000004141 -0.4999999999991406 0
231 -0.6250000000003105 -0.3749999999989257 0
232 -0.7500000000003216 -0.6249999999992265 0
233 -0.6250000000005977 -0.7499999999995703 0
234 -0.5000000000006901 -0.6249999999994844 0
235 -0.6250000000005058 -0.6249999999993555 0
236 -0.8750000000001836 -0.7499999999993983 0
237 -0.8750000000001608 -0.6249999999990976 0
238 -0.750000000000413 -0.8749999999997422 0
239 -0.8750000000002223 -0.8749999999996992 0
240 -0.5000000000009662 -0.8749999999998281 0
241 -0.6250000000006894 -0.8749999999997852 0
242 -0.2500000000012045 -0.6249999999997422 0
243 -0.1250000000017541 -0.7499999999999141 0
244 -0.1250000000014617 -0.6249999999998711 0
245 -0.3750000000011369 -0.7499999999997422 0
246 -0.3750000000009474 -0.6249999999996134 0
247 -0.2500000000016863 -0.8749999999999141 0
248 -0.3750000000013263 -0.8749999999998711 0
249 -0.1250000000020464 -0.874999999999957 0
250 -0.1249999999993984 0.2500000000002409 0
251 -0.2499999999997422 0.1250000000005847 0
252 -0.1249999999996992 0.1250000000002923 0
253 -0.1249999999987968 0.500000000000138 0
254 -0.2499999999992265 0.3750000000003789 0
255 -0.1249999999990976 0.3750000000001895 0
256 -0.3749999999991406 0.5000000000004141 0
257 -0.4999999999994843 0.3750000000007578 0
258 -0.3749999999995703 0.2500000000007227 0
259 -0.3749999999993554 0.3750000000005683 0
260 -0.4999999999998281 0.1250000000011694 0
261 -0.3749999999997852 0.125000000000877 0
262 -0.1249999999981951 0.7500000000000691 0
263 -0.2499999999987108 0.6250000000002069 0
264 -0.1249999999984959 0.6250000000001035 0
265 -0.2499999999981951 0.8750000000000691 0
266 -0.1249999999978943 0.8750000000000345 0
267 -0.4999999999987967 0.875000000000138 0
268 -0.3749999999987108 0.7500000000002069 0
269 -0.3749999999984959 0.8750000000001035 0
270 -0.4999999999991406 0.6250000000004141 0
271 -0.3749999999989257 0.6250000000003105 0
272 -0.6249999999992265 0.7500000000003216 0
273 -0.7499999999995703 0.6250000000005977 0
274 -0.6249999999994844 0.5000000000006901 0
275 -0.6249999999993555 0.6250000000005058 0
276 -0.7499999999993983 0.8750000000001836 0
277 -0.6249999999990976 0.8750000000001608 0
278 -0.8749999999997422 0.750000000000413 0
279 -0.8749999999996992 0.8750000000002223 0
280 -0.8749999999998281 0.5000000000009662 0
281 -0.8749999999997852 0.6250000000006894 0
282 -0.6249999999997422 0.2500000000012045 0
283 -0.7499999999999141 0.1250000000017541 0
284 -0.6249999999998711 0.1250000000014617 0
285 -0.7499999999997422 0.3750000000011369 0
286 -0.6249999999996134 0.3750000000009474 0
287 -0.8749999999999141 0.2500000000016863 0
288 -0.8749999999998711 0.3750000000013263 0
289 -0.874999999999957 0.1250000000020464 0
$EndNodes
$Elements
324
1 15 2 0 1 1
2 15 2 0 2 2
3 15 2 0 3 3
4 15 2 0 4 4
5 1 2 0 1 1 5
6 1 2 0 1 5 6
7 1 2 0 1 6 7
8 1 2 0 1 7 8
9 1 2 0 1 8 9
10 1 2 0 1 9 10
11 1 2 0 1 10 11
12 1 2 0 1 11 12
13 1 2 0 1 12 13
14 1 2 0 1 13 14
15 1 2 0 1 14 15
16 1 2 0 1 15 16
17 1 2 0 1 16 17
18 1 2 0 1 17 18
19 1 2 0 1 18 19
20 1 2 0 1 19 2
21 1 2 0 2 2 20
22 1 2 0 2 20 21
23 1 2 0 2 21 22
24 1 2 0 2 22 23
25 1 2 0 2 23 24
26 1 2 0 2 24 25
27 1 2 0 2 25 26
28 1 2 0 2 26 27
29 1 2 0 2 27 28
30 1 2 0 2 28 29
31 1 2 0 2 29 30
32 1 2 0 2 30 31
33 1 2 0 2 31 32
34 1 2 0 2 32 33
35 1 2 0 2 33 34
36 1 2 0 2 34 3
37 1 2 0 3 3 35
38 1 2 0 3 35 36
39 1 2 0 3 36 37
40 1 2 0 3 37 38
41 1 2 0 3 38 39
42 1 2 0 3 39 40
43 1 2 0 3 40 41
44 1 2 0 3 41 42
45 1 2 0 3 42 43
46 1 2 0 3 43 44
47 1 2 0 3 44 45
48 1 2 0 3 45 46
49 1 2 0 3 46 47
50 1 2 0 3 47 48
51 1 2 0 3 48 49
52 1 2 0 3 49 4
53 1 2 0 4 4 50
54 1 2 0 4 50 51
55 1 2 0 4 51 52
56 1 2 0 4 52 53
57 1 2 0 4 53 54
58 1 2 0 4 54 55
59 1 2 0 4 55 56
60 1 2 0 4 56 57
61 1 2 0 4 57 58
62 1 2 0 4 58 59
63 1 2 0 4 59 60
64 1 2 0 4 60 61
65 1 2 0 4 61 62
66 1 2 0 4 62 63
67 1 2 0 4 63 64
68 1 2 0 4 64 1
69 3 2 0 1 65 114 118 117
70 3 2 0 1 114 74 115 118
71 3 2 0 1 118 115 78 116
72 3 2 0 1 117 118 116 77
73 3 2 0 1 74 119 122 115
74 3 2 0 1 119 66 120 122
75 3 2 0 1 122 120 75 121
76 3 2 0 1 115 122 121 78
77 3 2 0 1 78 121 126 125
78 3 2 0 1 121 75 123 126
79 3 2 0 1 126 123 68 124
80 3 2 0 1 125 126 124 76
81 3 2 0 1 77 116 129 128
82 3 2 0 1 116 78 125 129
83 3 2 0 1 129 125 76 127
84 3 2 0 1 128 129 127 67
85 3 2 0 1 66 130 133 120
86 3 2 0 1 130 79 131 133
87 3 2 0 1 133 131 81 132
88 3 2 0 1 120 133 132 75
89 3 2 0 1 79 134 136 131
90 3 2 0 1 134 12 13 136
91 3 2 0 1 136 13 14 135
92 3 2 0 1 131 136 135 81
93 3 2 0 1 81 135 139 138
94 3 2 0 1 135 14 15 139
95 3 2 0 1 139 15 16 137
96 3 2 0 1 138 139 137 80
97 3 2 0 1 75 132 141 123
98 3 2 0 1 132 81 138 141
99 3 2 0 1 141 138 80 140
100 3 2 0 1 123 141 140 68
101 3 2 0 1 68 140 145 144
102 3 2 0 1 140 80 142 145
103 3 2 0 1 145 142 83 143
104 3 2 0 1 144 145 143 82
105 3 2 0 1 80 137 147 142
106 3 2 0 1 137 16 17 147
107 3 2 0 1 147 17 18 146
108 3 2 0 1 142 147 146 83
109 3 2 0 1 83 146 149 148
110 3 2 0 1 146 18 19 149
111 3 2 0 1 149 19 2 20
112 3 2 0 1 148 149 20 21
113 3 2 0 1 82 143 151 150
114 3 2 0 1 143 83 148 151
115 3 2 0 1 151 148 21 22
116 3 2 0 1 150 151 22 23
117 3 2 0 1 67 127 155 154
118 3 2 0 1 127 76 152 155
119 3 2 0 1 155 152 85 153
120 3 2 0 1 154 155 153 84
121 3 2 0 1 76 124 157 152
122 3 2 0 1 124 68 144 157
123 3 2 0 1 157 144 82 156
124 3 2 0 1 152 157 156 85
125 3 2 0 1 85 156 159 158
126 3 2 0 1 156 82 150 159
127 3 2 0 1 159 150 23 24
128 3 2 0 1 158 159 24 25
129 3 2 0 1 84 153 161 160
130 3 2 0 1 153 85 158 161
131 3 2 0 1 161 158 25 26
132 3 2 0 1 160 161 26 27
133 3 2 0 1 65 117 165 164
134 3 2 0 1 117 77 162 165
135 3 2 0 1 165 162 89 163
136 3 2 0 1 164 165 163 88
137 3 2 0 1 77 128 168 162
138 3 2 0 1 128 67 166 168
139 3 2 0 1 168 166 86 167
140 3 2 0 1 162 168 167 89
141 3 2 0 1 89 167 172 171
142 3 2 0 1 167 86 169 172
143 3 2 0 1 172 169 70 170
144 3 2 0 1 171 172 170 87
145 3 2 0 1 88 163 175 174
146 3 2 0 1 163 89 171 175
147 3 2 0 1 175 171 87 173
148 3 2 0 1 174 175 173 69
149 3 2 0 1 67 154 178 166
150 3 2 0 1 154 84 176 178
151 3 2 0 1 178 176 91 177
152 3 2 0 1 166 178 177 86
153 3 2 0 1 84 160 180 176
154 3 2 0 1 160 27 28 180
155 3 2 0 1 180 28 29 179
156 3 2 0 1 176 180 179 91
157 3 2 0 1 91 179 183 182
158 3 2 0 1 179 29 30 183
159 3 2 0 1 183 30 31 181
160 3 2 0 1 182 183 181 90
161 3 2 0 1 86 177 185 169
162 3 2 0 1 177 91 182 185
163 3 2 0 1 185 182 90 184
164 3 2 0 1 169 185 184 70
165 3 2 0 1 70 184 189 188
166 3 2 0 1 184 90 186 189
167 3 2 0 1 189 186 93 187
168 3 2 0 1 188 189 187 92
169 3 2 0 1 90 181 191 186
170 3 2 0 1 181 31 32 191
171 3 2 0 1 191 32 33 190
172 3 2 0 1 186 191 190 93
173 3 2 0 1 93 190 193 192
174 3 2 0 1 190 33 34 193
175 3 2 0 1 193 34 3 35
176 3 2 0 1 192 193 35 36
177 3 2 0 1 92 187 195 194
178 3 2 0 1 187 93 192 195
179 3 2 0 1 195 192 36 37
180 3 2 0 1 194 195 37 38
181 3 2 0 1 69 173 199 198
182 3 2 0 1 173 87 196 199
183 3 2 0 1 199 196 95 197
184 3 2 0 1 198 199 197 94
185 3 2 0 1 87 170 201 196
186 3 2 0 1 170 70 188 201
187 3 2 0 1 201 188 92 200
188 3 2 0 1 196 201 200 95
189 3 2 0 1 95 200 203 202
190 3 2 0 1 200 92 194 203
191 3 2 0 1 203 194 38 39
192 3 2 0 1 202 203 39 40
193 3 2 0 1 94 197 205 204
194 3 2 0 1 197 95 202 205
195 3 2 0 1 205 202 40 41
196 3 2 0 1 204 205 41 42
197 3 2 0 1 65 206 209 114
198 3 2 0 1 206 96 207 209
199 3 2 0 1 209 207 99 208
200 3 2 0 1 114 209 208 74
201 3 2 0 1 96 210 213 207
202 3 2 0 1 210 71 211 213
203 3 2 0 1 213 211 97 212
204 3 2 0 1 207 213 212 99
205 3 2 0 1 99 212 217 216
206 3 2 0 1 212 97 214 217
207 3 2 0 1 217 214 72 215
208 3 2 0 1 216 217 215 98
209 3 2 0 1 74 208 219 119
210 3 2 0 1 208 99 216 219
211 3 2 0 1 219 216 98 218
212 3 2 0 1 119 219 218 66
213 3 2 0 1 71 220 223 211
214 3 2 0 1 220 100 221 223
215 3 2 0 1 223 221 102 222
216 3 2 0 1 211 223 222 97
217 3 2 0 1 100 224 226 221
218 3 2 0 1 224 57 58 226
219 3 2 0 1 226 58 59 225
220 3 2 0 1 221 226 225 102
221 3 2 0 1 102 225 229 228
222 3 2 0 1 225 59 60 229
223 3 2 0 1 229 60 61 227
224 3 2 0 1 228 229 227 101
225 3 2 0 1 97 222 231 214
226 3 2 0 1 222 102 228 231
227 3 2 0 1 231 228 101 230
228 3 2 0 1 214 231 230 72
229 3 2 0 1 72 230 235 234
230 3 2 0 1 230 101 232 235
231 3 2 0 1 235 232 104 233
232 3 2 0 1 234 235 233 103
233 3 2 0 1 101 227 237 232
234 3 2 0 1 227 61 62 237
235 3 2 0 1 237 62 63 236
236 3 2 0 1 232 237 236 104
237 3 2 0 1 104 236 239 238
238 3 2 0 1 236 63 64 239
239 3 2 0 1 239 64 1 5
240 3 2 0 1 238 239 5 6
241 3 2 0 1 103 233 241 240
242 3 2 0 1 233 104 238 241
243 3 2 0 1 241 238 6 7
244 3 2 0 1 240 241 7 8
245 3 2 0 1 66 218 244 130
246 3 2 0 1 218 98 242 244
247 3 2 0 1 244 242 105 243
248 3 2 0 1 130 244 243 79
249 3 2 0 1 98 215 246 242
250 3 2 0 1 215 72 234 246
251 3 2 0 1 246 234 103 245
252 3 2 0 1 242 246 245 105
253 3 2 0 1 105 245 248 247
254 3 2 0 1 245 103 240 248
255 3 2 0 1 248 240 8 9
256 3 2 0 1 247 248 9 10
257 3 2 0 1 79 243 249 134
258 3 2 0 1 243 105 247 249
259 3 2 0 1 249 247 10 11
260 3 2 0 1 134 249 11 12
261 3 2 0 1 65 164 252 206
262 3 2 0 1 164 88 250 252
263 3 2 0 1 252 250 108 251
264 3 2 0 1 206 252 251 96
265 3 2 0 1 88 174 255 250
266 3 2 0 1 174 69 253 255
267 3 2 0 1 255 253 106 254
268 3 2 0 1 250 255 254 108
269 3 2 0 1 108 254 259 258
270 3 2 0 1 254 106 256 259
271 3 2 0 1 259 256 73 257
272 3 2 0 1 258 259 257 107
273 3 2 0 1 96 251 261 210
274 3 2 0 1 251 108 258 261
275 3 2 0 1 261 258 107 260
276 3 2 0 1 210 261 260 71
277 3 2 0 1 69 198 264 253
278 3 2 0 1 198 94 262 264
279 3 2 0 1 264 262 110 263
280 3 2 0 1 253 264 263 106
281 3 2 0 1 94 204 266 262
282 3 2 0 1 204 42 43 266
283 3 2 0 1 266 43 44 265
284 3 2 0 1 262 266 265 110
285 3 2 0 1 110 265 269 268
286 3 2 0 1 265 44 45 269
287 3 2 0 1 269 45 46 267
288 3 2 0 1 268 269 267 109
289 3 2 0 1 106 263 271 256
290 3 2 0 1 263 110 268 271
291 3 2 0 1 271 268 109 270
292 3 2 0 1 256 271 270 73
293 3 2 0 1 73 270 275 274
294 3 2 0 1 270 109 272 275
295 3 2 0 1 275 272 112 273
296 3 2 0 1 274 275 273 111
297 3 2 0 1 109 267 277 272
298 3 2 0 1 267 46 47 277
299 3 2 0 1 277 47 48 276
300 3 2 0 1 272 277 276 112
301 3 2 0 1 112 276 279 278
302 3 2 0 1 276 48 49 279
303 3 2 0 1 279 49 4 50
304 3 2 0 1 278 279 50 51
305 3 2 0 1 111 273 281 280
306 3 2 0 1 273 112 278 281
307 3 2 0 1 281 278 51 52
308 3 2 0 1 280 281 52 53
309 3 2 0 1 71 260 284 220
310 3 2 0 1 260 107 282 284
311 3 2 0 1 284 282 113 283
312 3 2 0 1 220 284 283 100
313 3 2 0 1 107 257 286 282
314 3 2 0 1 257 73 274 286
315 3 2 0 1 286 274 111 285
316 3 2 0 1 282 286 285 113
317 3 2 0 1 113 285 288 287
318 3 2 0 1 285 111 280 288
319 3 2 0 1 288 280 53 54
320 3 2 0 1 287 288 54 55
321 3 2 0 1 100 283 289 224
322 3 2 0 1 283 113 287 289
323 3 2 0 1 289 287 55 56
324 3 2 0 1 224 289 56 57
$EndElements
